1000
635
958
203
64
891
34
283
268
783
158
122
3
364
215
873
366
970
210
275
235
997
924
433
46
831
880
124
676
655
488
19
190
4
652
746
419
131
56
234
764
161
646
351
987
787
83
938
866
895
281
527
371
577
264
784
597
57
224
828
35
98
1000
969
117
146
868
883
314
946
257
644
425
177
811
77
320
338
436
310
409
615
830
316
899
797
115
805
959
829
516
995
776
857
856
660
841
87
70
677
707
429
629
670
356
917
690
919
244
350
43
914
252
14
60
912
700
930
985
328
807
769
636
571
304
810
376
590
108
352
374
237
772
922
647
532
562
288
821
845
84
176
614
638
840
634
495
825
474
637
767
245
802
718
464
169
835
887
50
90
729
406
667
99
221
82
96
418
853
269
166
710
62
51
300
86
393
40
580
709
241
327
142
427
386
421
850
666
73
315
355
751
20
605
616
612
745
719
103
921
983
536
12
779
668
799
966
600
15
697
308
184
276
759
567
808
843
242
804
478
803
833
367
490
897
752
13
972
270
153
431
657
674
505
335
484
968
155
223
653
174
926
844
913
501
748
472
528
661
736
940
875
116
975
826
910
823
854
282
771
992
375
404
173
952
756
130
340
412
27
296
411
900
452
336
287
896
711
545
417
611
24
175
645
392
214
261
398
908
236
827
610
679
976
305
816
619
934
482
59
100
102
255
449
434
47
717
554
627
253
555
151
466
669
552
692
509
566
947
312
587
265
680
441
491
88
443
962
865
602
601
301
477
473
885
815
686
664
79
620
290
432
819
460
331
94
273
888
437
468
325
319
53
333
724
576
212
918
497
416
651
893
766
990
363
28
898
777
322
228
134
500
905
380
11
780
513
813
148
570
909
733
10
796
58
579
454
133
280
388
956
750
298
863
140
136
714
740
467
334
378
450
941
347
786
861
453
248
915
512
727
455
113
326
285
440
128
558
672
162
569
141
85
357
384
48
812
592
400
877
884
324
738
598
801
795
8
22
345
862
249
594
699
138
29
95
18
424
932
879
341
673
547
91
704
753
30
561
132
961
838
365
104
114
200
250
788
948
498
187
849
511
778
118
147
213
681
538
262
383
583
953
791
842
428
232
622
349
286
928
906
414
271
923
107
445
149
540
402
267
420
534
362
573
52
61
871
461
623
182
145
631
839
382
195
451
708
874
549
354
890
256
632
742
954
548
369
852
881
630
463
240
493
9
243
263
586
747
459
851
716
150
721
299
260
462
167
196
864
695
159
539
935
824
760
520
423
684
789
837
754
168
41
907
698
973
927
430
339
832
198
407
438
391
671
207
413
662
165
687
458
785
447
836
682
311
307
67
218
259
929
604
974
503
749
892
730
518
403
656
160
768
346
659
530
39
581
127
318
593
499
422
599
685
732
25
507
251
120
105
313
979
489
546
359
109
74
809
560
226
179
71
794
33
793
222
925
625
872
609
211
394
706
80
139
36
965
342
798
931
617
535
683
17
533
820
886
92
225
479
494
399
23
950
112
648
800
525
624
254
606
343
712
321
589
878
219
192
469
381
163
967
519
156
348
201
920
649
792
621
774
901
492
410
360
640
204
481
485
272
291
63
982
37
725
971
996
894
626
405
470
65
231
476
7
994
818
389
329
368
154
582
426
75
137
584
688
964
596
860
185
603
144
306
595
258
480
309
642
294
517
628
390
867
559
523
284
691
81
266
69
675
984
641
723
456
550
186
111
181
613
817
42
607
822
955
370
106
949
170
278
705
658
330
227
998
229
206
588
514
980
541
372
957
526
332
943
295
54
110
726
951
933
939
38
663
981
713
205
522
553
180
44
471
728
765
238
121
6
986
904
194
188
502
415
217
475
172
876
246
702
358
119
937
722
396
564
379
960
846
814
239
689
889
945
715
720
761
297
317
847
408
444
529
782
202
197
734
26
770
521
991
125
72
510
739
859
575
129
758
524
963
744
701
193
274
870
446
633
806
574
639
944
504
743
585
21
32
448
230
486
665
76
551
395
442
126
66
123
775
189
323
337
55
869
678
101
531
977
556
344
45
68
199
993
78
572
694
731
544
435
693
781
31
735
5
942
293
401
703
373
220
999
790
397
152
377
650
361
93
763
565
916
171
191
608
936
292
741
762
563
696
49
537
457
303
289
848
834
157
135
978
568
97
989
302
643
858
233
277
89
279
903
542
557
591
209
143
755
654
855
508
178
164
506
737
247
773
208
496
487
465
618
353
439
902
988
183
911
578
515
16
385
387
1
2
216
757
483
543
882
