10000
5983
4595
4026
6921
8642
9519
4621
9431
7603
6916
3839
4028
5967
6814
5493
5106
1129
5365
4514
4428
3087
492
7313
7630
4979
4377
8839
7416
4221
3490
4581
8574
2984
3477
9720
1155
7360
2201
2613
8977
56
7127
6183
8913
7629
9085
7934
2934
3698
5016
6455
6977
4713
9692
4364
8749
9249
4511
1027
964
1710
6296
7320
2604
4478
3061
2732
8894
8423
4294
8479
9348
4494
9288
6536
6775
8131
330
9012
5142
6072
288
5439
8345
2902
3917
413
9178
85
8185
2573
6681
5282
387
5270
4882
3746
2507
6731
5028
5498
7801
3844
6798
8723
9799
6073
6975
2414
6889
7092
8060
6726
7358
2535
5399
5973
8469
9626
4385
5806
8023
1869
2553
5985
887
757
6386
6437
1626
8338
845
6865
1690
6995
9449
2856
1134
4389
4408
7826
2094
7403
1497
7401
2479
7679
1646
9832
6998
5048
1234
4622
3982
1985
983
3725
2400
7140
3859
3670
9745
8460
4046
9675
5214
3096
7576
2476
2235
5123
9899
2477
4127
8962
3771
9332
2073
7994
4034
2954
7627
3824
18
6842
7891
29
7992
3190
6850
283
5679
1745
5950
3945
7242
9535
821
2030
352
708
7442
1677
8709
921
6666
1715
4908
6216
145
4469
71
1263
312
4181
2560
4818
7963
7357
2153
5144
2113
8769
6119
7057
9255
8607
6244
6000
7475
2760
8622
1786
1606
7410
2675
793
8030
1752
45
6987
2928
2376
9638
9708
5723
5747
3263
673
1537
7248
4263
3533
9252
8206
8994
9587
5644
5447
6876
9170
1021
1662
5606
773
5036
689
7488
3769
639
6294
4974
796
2099
1719
2392
275
4327
8793
7348
9107
5675
2630
9673
7018
7695
9805
3820
7516
8270
1717
2822
1470
2077
1846
209
63
5596
4297
8271
5483
956
8500
308
3046
8788
575
3658
1509
1033
1888
8529
1525
7225
3361
9992
1596
8002
5075
6507
8580
1023
7249
5101
1414
7221
6114
7438
2761
851
686
2773
6950
9159
9574
7369
8890
1431
5716
1151
349
7600
4593
9409
3260
1609
7864
7586
6896
2880
6364
1036
2642
4468
4648
3720
401
8648
6209
1122
9556
1331
4533
6781
7697
9893
5381
7877
2857
3954
4801
9246
5467
6628
3056
3409
6883
3400
6014
677
1854
9994
8272
7701
7743
2673
8735
2369
5457
7652
8610
9310
3613
912
7816
9960
117
5890
5371
2797
386
8612
6314
7961
6646
8074
8289
8368
1958
7513
2436
8247
2548
3410
2494
7144
548
5969
9424
681
6750
9819
2390
1935
6496
6743
7758
7388
6992
2661
6139
402
3418
2744
1180
9988
5804
7270
6738
9623
9215
3371
8726
870
9780
9230
7308
2433
6718
8316
6116
6789
1921
1628
6052
9690
6506
5350
4952
5599
1868
7089
953
290
7536
2766
7858
1425
326
9110
6246
1809
392
8021
7632
1480
8394
1146
8443
1754
3528
6313
2701
8762
4991
4226
9866
8778
9029
1283
7502
2977
5870
7835
4051
9421
6419
8613
2398
7825
5982
8985
6749
9782
6859
1691
528
1174
6283
7593
3136
6656
5197
8704
3834
340
5102
2965
2762
9546
4530
1293
439
8694
9408
6192
939
6223
231
6381
1371
8963
4446
849
7062
8511
4139
6844
720
4819
4787
3081
7617
1322
8365
9071
4874
9126
353
4173
3407
1524
8699
2985
9967
305
1515
7918
976
3517
2361
3457
8113
159
5760
8931
7217
4994
1074
6056
2889
4241
1841
5288
5720
7792
7808
8061
3644
7655
3953
961
246
1851
6263
1965
7762
5552
8495
3957
1308
7319
725
3320
9558
7259
3248
4295
9676
1203
2397
5070
395
8375
248
8463
1775
1533
8658
654
1044
2058
9781
3168
8369
848
5791
6240
815
9274
6524
2676
5124
2741
5098
4111
4552
9664
6445
646
1104
6399
6907
6031
8904
7107
7379
5757
8706
9119
789
4654
2946
7625
6006
9633
2212
7299
4779
92
2716
3422
6690
5412
7198
1722
7002
5839
2251
8209
9008
9725
5440
5509
2054
3604
1345
2832
5685
5199
4049
6597
4305
883
9854
3744
6266
1891
5821
5845
5479
8056
952
3169
7691
134
1026
6634
3525
4366
1780
7548
5990
5451
5649
8728
9980
6121
5056
7219
4560
5118
3632
955
9374
1095
7489
6747
7859
8026
5861
9362
9935
4743
1506
8841
9964
153
8797
8901
189
3542
1329
1422
1354
1981
6218
4316
6532
9137
5657
2879
9142
4712
3880
3921
1796
2448
625
6636
1159
2158
6390
8900
6857
9404
7779
8199
839
4982
9539
4292
7129
100
9726
664
301
7606
33
3245
3895
3283
1007
2353
8834
5641
4524
4390
9301
1843
1392
3424
8393
3124
4723
3800
1092
7178
8412
5645
9006
6607
5554
803
3612
1410
7343
1411
6933
8334
2457
4208
2170
1683
4844
5189
3300
268
7371
1555
975
5169
5133
5515
4981
6059
6135
9190
2622
3544
2061
2644
6794
8106
8016
3392
273
1330
928
4275
925
6079
8248
8197
8117
9551
4068
3578
5665
7993
1458
5351
8909
8995
8871
8372
6556
1905
5555
8480
6446
6994
6983
869
4341
1198
156
547
5218
7928
7565
6042
2737
5071
2144
2720
9981
4617
3558
5374
1592
8409
3938
303
2276
5921
6574
9068
9567
8238
4626
5931
3675
9211
7180
365
9345
5691
920
916
8210
9078
1205
226
7634
2905
3501
9395
216
6522
9073
9625
3387
1771
3162
560
464
6548
3599
5052
2378
2753
7820
1239
9164
102
7526
5917
7769
7772
9108
1190
8293
4287
26
9903
2871
8551
537
7465
7669
4647
4587
4243
3057
7306
8471
2257
3123
182
7559
4516
1658
8391
5507
2814
8750
4703
3969
4541
1424
2111
7662
4999
5977
8639
1508
8294
1564
5940
2091
6780
6862
667
2725
212
3715
7273
8466
1641
7566
1395
3054
7487
1307
4869
4048
1507
1870
8373
1101
6008
9792
9140
8477
7085
9617
7742
4372
9423
32
7367
2757
8992
5345
7705
4718
5550
2574
4732
384
1714
4072
1728
1630
2865
7494
9527
2808
4566
6593
230
5435
4750
3159
4019
5388
7966
5929
8146
4705
8034
5119
190
7413
5147
2320
7251
3055
8317
3069
4432
6658
6174
8684
1627
8444
2929
7451
20
2603
3667
3451
2450
1886
2763
1828
5361
2688
1202
9497
9925
2515
400
2585
2084
8632
1363
9065
2801
5085
2759
164
194
2239
3221
2466
4945
4380
1850
3423
8215
221
5406
4963
4986
465
5370
1357
358
8127
6282
8523
1954
5039
441
4499
6699
2004
7676
8296
8753
8143
7099
9929
6021
5170
4579
4126
1593
4152
910
506
3051
8936
7633
1671
6961
6791
847
3657
6897
2264
2118
7791
947
7538
5418
8142
5280
8246
1812
2745
3502
9940
6513
3646
8822
856
1059
5624
5489
7195
9123
391
3935
8596
2226
3002
7291
7942
8442
6160
8608
1362
5892
3427
1318
6458
5278
6430
2878
8785
4834
8134
8558
6304
8651
9717
6376
3383
3265
9158
8392
6009
6651
5542
3674
3212
8579
4806
142
3426
4542
5916
9183
7224
1394
6027
7718
4211
1994
2080
9381
2727
8606
1952
3856
8208
6385
5495
7744
6095
3585
4816
9886
8057
4237
3961
4716
4195
5033
9175
3220
9968
1979
5329
7486
4365
4140
557
7868
2438
860
806
5268
9459
1426
3759
6587
1276
1654
8932
2513
8918
4719
2331
8164
1807
2993
38
314
6732
9611
4829
7804
7688
5252
1156
4704
4922
9488
8170
7005
3888
8
791
1236
3324
1152
644
9918
7459
3438
7949
8162
6555
9913
6542
1048
5262
3068
2734
1415
1226
7997
3125
5621
7174
1365
1998
4273
1280
718
381
7567
39
3303
3700
3827
5103
9160
9924
7609
4897
8415
5042
4001
2100
8534
8121
377
7936
3636
2025
2950
9849
7218
1409
2942
747
2252
2108
630
5063
2665
4209
7636
1041
1805
6374
1738
5313
2132
2798
9534
1676
2777
4461
3171
1388
1252
3285
4096
475
705
5535
315
6793
140
8831
4871
2220
5534
1084
462
4714
7152
6823
4796
6273
9492
2174
8922
479
4873
1798
6378
3988
5424
2663
8397
8055
7040
1957
1075
8851
444
5378
6622
2492
7557
9524
2866
5135
8781
7059
2442
9686
5298
8599
5044
2287
6578
979
7132
198
3071
6908
1661
1893
5768
7331
5385
4571
6520
837
1947
1584
3186
8156
5616
1601
4340
7985
4692
9682
3100
3191
8340
811
6962
3689
7945
4426
573
1989
6486
5017
2266
2631
8897
9834
1847
1196
5068
3198
8514
7761
9109
3214
1986
2304
2895
8742
7188
9559
6255
2441
6657
4047
7417
7384
4556
2024
9555
1652
342
2504
4812
1927
3156
2114
3018
4637
3425
2179
5530
3904
2805
9991
7574
4848
2897
307
6024
3180
9368
5377
2787
779
7261
4762
8739
9788
1017
8631
4686
2710
987
7364
427
1993
9687
1610
636
6092
4835
4707
2893
9879
4010
2726
75
2484
5529
345
8996
1099
2249
7628
6126
4603
6641
5196
2079
6318
426
4996
2420
6260
9636
3092
4041
7393
2316
3293
3679
4035
2143
2974
6460
2417
2338
7084
8233
5297
7822
7944
1622
8964
2181
8721
4543
5773
1454
6501
7192
1353
3434
473
1042
6405
253
6512
7500
6663
9888
8015
2301
5373
3740
3249
9125
8363
9174
7832
2724
861
7160
8792
9342
3017
5382
7125
171
3232
7933
6695
8760
1460
9020
9184
7829
6783
6942
2594
9402
1977
5176
7041
9722
8093
9877
4362
4421
4023
1300
6110
2565
899
6388
7061
9670
5055
47
4545
4470
9066
1406
4758
2715
6317
5696
1382
7398
3586
9036
3815
1560
6414
8884
3637
1273
6061
9202
8531
323
6742
1614
3768
5289
4359
1160
6403
6474
5213
2505
2173
2007
6870
3279
1385
897
9176
6953
569
5660
7503
4218
1500
7644
8320
4961
9661
3196
945
3799
5923
9984
2423
2520
8119
9840
5286
2333
7446
2462
7408
8783
2531
9892
4675
3564
6591
2911
9186
2931
9156
3389
6166
6886
1681
2124
9843
5573
3048
10
4156
1418
7042
1002
9061
3513
9097
8455
456
5187
4132
5264
369
5813
2730
3601
2834
3875
5703
1087
6716
4084
3990
7424
9303
6036
9901
8758
5141
8653
4791
416
6359
1820
3822
2872
7584
1225
2994
9087
2162
3535
9279
2756
9365
6169
3489
9214
7044
9207
519
2964
1666
8650
678
2388
9771
3926
5204
2260
9143
6719
9926
5317
3297
6149
1439
2379
1799
2581
9953
6094
7404
2401
1052
9007
485
7917
6869
1352
9283
3321
6683
9530
5110
5291
4749
2237
7596
8593
3704
7759
3467
2647
4166
2736
2776
2211
3430
1486
8848
4517
2216
3094
6100
8107
4304
7941
2576
1403
4438
801
5310
4405
8187
6016
2282
9121
1528
6586
8513
4477
871
1936
6575
7685
7940
7645
7919
4831
2506
9264
5180
9873
627
5008
4725
9247
5436
2032
7102
8352
1580
5752
1165
8710
5926
8969
6832
8659
7681
3607
299
6959
9801
1811
9270
8186
568
3866
9385
6846
2898
6913
6109
6305
2969
4534
3703
8586
835
8255
5661
3832
4673
3897
4789
91
9315
8824
1554
1624
2103
5963
5260
5206
7862
5002
7837
1830
3738
9483
7431
6232
435
9496
3518
1143
2177
4463
2656
2864
8322
7978
670
1465
6610
458
3384
6620
6754
6553
8230
151
972
9552
6761
4325
2196
7639
8670
442
1466
2402
397
4588
7407
5582
2533
9425
9689
6677
9528
6331
2314
6435
1898
6864
804
1270
2357
5659
8098
3138
7509
7890
8597
7658
8833
6402
1890
5107
9493
5832
5801
5566
6669
7878
7684
4095
9248
5245
4947
8862
9282
556
9200
2428
1366
3376
3329
7067
3294
9776
109
7889
6186
5852
8674
2089
4896
2784
1256
4234
5463
831
5161
5395
8025
1768
6926
3167
2208
7950
8951
9588
5328
7375
515
6191
8149
1877
1949
1405
6464
2632
5014
902
4828
3833
6204
9100
5475
7019
7077
3045
9764
2286
336
9542
1862
1120
5682
6777
9095
2409
1665
941
565
2242
9386
5937
4985
6170
7035
8414
6228
5404
3307
3589
3072
9038
7116
7493
1183
9592
3042
7274
6367
1713
8976
5015
2907
715
3757
518
4852
7747
8825
3547
7507
4995
3701
7323
5043
7324
6880
4924
8232
9672
6040
6416
3282
8538
1265
6906
4538
3236
123
5575
2926
4777
7581
3353
1844
1701
5149
2545
5316
6127
8678
606
1825
21
64
4799
2583
411
3454
1435
4832
8802
128
168
743
5143
1693
2602
5238
1840
3515
9632
2989
5943
7187
3202
8305
5474
1551
8997
2225
9943
7728
7485
4635
7327
5741
732
6473
3097
1855
1255
699
890
5521
1004
6479
9990
1438
3846
9974
2013
2781
3534
8328
247
1874
3201
5610
278
8353
4915
7995
8370
5431
5939
6899
9355
1640
7093
424
8218
8145
2823
2322
6047
7753
7861
1757
357
6526
8861
127
1287
9460
6472
6287
4180
5814
655
896
6011
7471
9049
356
4401
1040
4285
5020
4884
3088
459
5906
7904
3246
1530
513
8361
1808
7939
3947
6343
2293
4942
749
5500
581
7811
1664
1737
2768
6220
3916
2356
5522
6291
3894
9331
3543
8747
9060
6901
7476
3587
7228
3741
8299
9090
9128
8110
1773
9622
2018
7982
373
3713
1504
2130
6319
3747
8492
6392
731
2427
6332
9919
4021
2233
3915
2000
2821
9738
9836
2171
4136
4664
163
7579
1966
4205
753
7034
1184
7015
9147
6118
5637
2915
6511
1416
2806
6140
3429
7774
8843
7619
7135
608
3623
5167
3079
1112
1325
6002
6744
6262
9755
24
2274
3663
4213
5528
4395
9930
6421
812
8220
5908
8364
4457
6547
1882
797
451
6672
2511
7161
8428
7162
6422
663
3347
6322
6164
4228
7672
5948
2374
8281
5220
1944
2699
55
1519
5955
8675
3443
3339
7482
3560
858
6444
7230
5488
8643
6123
8889
2681
4729
3575
1136
3890
9839
1355
631
3641
1974
4629
2568
8045
9644
5122
3685
944
1358
4757
7729
5987
7499
6776
7037
7153
1930
4057
3330
3270
7222
6704
6493
3375
7355
675
2941
4782
1374
8429
5951
783
1617
1297
9081
1445
658
638
9640
4183
7913
1011
872
2932
1931
7860
1813
2142
9448
527
3540
2115
5681
8449
9088
9513
79
476
5432
8584
7378
6065
97
8362
9829
3341
4698
577
7700
9131
7819
5304
4574
9299
2060
613
7258
2250
8009
2229
1740
4709
6660
3671
118
1794
9369
7977
1197
1389
4519
1131
5924
6090
6585
5054
4615
5331
3213
4452
7117
7030
6927
8051
3170
4977
7151
8402
1253
1306
752
3442
6371
9452
9537
5900
948
2088
1743
6194
3874
3616
4687
6914
1368
2067
1433
1153
5452
3512
2556
6337
9387
7784
4539
4337
8122
3120
7844
3505
3175
7795
8566
1475
3345
3633
8673
9864
3040
5912
3261
6649
8137
934
5379
3267
6566
5976
2049
7081
152
3304
8499
5523
6753
3753
3019
8989
3277
4802
9382
7827
7956
9361
9770
2192
4483
4394
6253
7461
37
5680
9256
9900
1818
5375
1181
1427
5553
6097
8357
1123
8743
1597
2349
4396
6519
8311
7211
3805
9847
8285
3372
7298
1718
7414
2347
5140
4158
110
3250
6818
7646
7843
8115
8519
1286
4826
3116
1858
2478
6108
5157
6755
1672
1229
8088
497
6665
3975
5628
3600
2743
2234
9354
3436
6084
9575
5062
9115
8222
6046
895
3466
3722
2952
7749
4841
3367
4492
6759
7518
4866
9487
1600
6805
6648
8939
532
382
1910
3089
3193
2707
4685
622
2127
3992
3084
1298
1660
2674
508
5267
5941
1777
2062
9173
1909
2155
4676
3093
5784
5248
2011
9286
9195
5971
9571
1311
5539
2245
3036
7104
7460
9878
6940
5531
823
6111
348
7838
6860
4317
5111
1976
8965
5932
8713
8205
7448
905
4613
6543
660
5471
2733
2065
8254
6252
2391
3432
5694
8087
6104
87
8356
6960
8681
5915
4269
6434
628
7508
4137
8883
4133
6424
374
66
7973
593
4509
4967
8680
1210
1351
7381
5934
7925
9868
5952
7350
6203
8968
3013
2508
3222
6539
445
8786
9958
1158
7202
529
4755
484
9814
1291
2881
1077
460
8817
1096
4484
1644
1111
3135
3315
777
5302
6074
6053
2767
7288
8153
8776
7354
3001
2937
5625
8454
729
9853
9775
9489
7812
5736
6562
2141
2875
7338
6487
2550
3751
9298
5901
1569
234
5047
5561
2470
5
2131
1941
6453
3253
980
3944
9045
5444
8885
321
3129
6286
9922
2306
798
103
6516
993
4459
3446
2617
1689
9162
378
5662
4081
1549
5862
3482
4923
5265
9471
7068
1667
6010
9043
7439
7029
2240
653
1381
4937
3615
1673
5993
954
8396
7796
7532
8620
8521
1612
8971
120
4693
9966
7237
8722
5150
5812
2486
2887
838
2086
8947
6432
2035
8011
5401
3063
8506
5024
7953
4197
764
7727
5674
959
6549
1019
9548
3681
5603
2218
2916
4235
8957
9802
7058
3029
7983
2623
9197
6594
4861
1242
5584
1657
420
5750
7521
9371
9560
7017
5092
1034
4700
2351
2299
4671
5666
7723
2870
3626
5362
6973
3227
499
9023
1106
7930
1446
4554
7563
6931
5880
8761
6215
5844
7807
8867
8741
4125
3114
9649
2786
6181
894
1832
1827
6387
829
9744
472
7421
1938
11
8852
4978
191
241
5622
4229
2660
2081
8307
5586
9307
5221
463
3618
7154
2923
3468
6667
3035
371
7257
7252
4055
4283
2838
3472
5786
3924
7138
1653
787
8526
5868
3316
8517
6330
504
7900
7429
4669
7050
8050
8619
3047
8416
205
6012
8695
9360
7793
9747
8795
1161
9796
4771
2723
9880
3638
5168
3809
825
7158
2657
9621
9948
5448
7916
9772
6091
3873
3930
8682
5344
2525
4735
5104
6739
6847
8118
5702
1204
4488
3082
4216
7101
553
4531
4783
1933
4256
9965
7215
1266
3733
9428
8483
8602
4740
3902
4865
2328
3322
9464
8256
6723
7678
7583
9742
5311
5972
780
8563
3812
7280
9440
4634
6054
2998
261
588
239
1001
4373
3037
8945
8628
6096
4548
6459
7147
2312
5428
5367
5295
3777
3872
2860
3099
9954
9136
5793
5022
6067
8575
7124
8181
2900
3705
7351
4350
1761
9155
5690
3706
1842
9844
5820
9613
8878
8154
1396
1212
7277
1790
346
4917
5673
7213
4933
9280
3343
601
8344
1501
2758
614
3408
4480
6070
6224
227
5710
147
8858
4690
5654
7738
3997
9973
4437
1070
9300
5079
2001
1848
9116
1295
7307
3173
597
6214
8812
1755
3664
2014
7787
2894
4194
7836
9773
3727
8360
2869
3950
6350
141
3158
8308
4800
7624
4400
5889
5945
8076
3857
4575
8626
1467
8351
8331
9277
148
6694
1336
8263
3462
6071
5037
8590
1116
7253
6261
3132
5397
8175
9046
516
7789
8853
1915
4633
8929
3235
4145
6525
5053
8685
1698
4894
4399
1999
3275
9093
6356
7604
3554
172
4578
257
6745
9624
9934
621
3032
4233
808
6245
7264
9684
2961
3804
4792
7171
9149
7794
6028
5650
5462
534
3532
1502
208
3983
5325
1513
1837
734
2646
8349
2999
9495
4969
4210
2572
3849
1647
5871
4973
8386
6025
880
6384
90
1964
9233
5627
1816
7552
8810
8736
2447
8618
262
6563
6431
8828
3545
8216
6034
2728
8082
6190
457
1651
8874
1588
9895
5935
9870
4168
5394
5846
491
2667
2668
4583
3959
2326
5049
8832
1086
4321
280
22
746
918
3145
8112
8400
8716
9244
680
260
7157
7440
4135
7887
7704
9932
466
4272
6858
960
8501
1914
2460
31
5050
1634
9134
9766
8927
8136
6714
8249
909
8732
5709
2468
4319
3244
2609
6618
4694
8022
6834
8302
1648
7483
2128
6393
6830
7882
5975
367
1721
5848
1763
9185
9232
1338
4402
6315
1177
9167
1185
6394
5477
4410
9437
4868
180
3829
809
5004
7852
9754
669
5010
5337
9290
2555
5484
1397
9785
8625
3070
9439
9129
5179
1639
7699
7915
6773
4447
4144
218
4279
1373
7373
9284
3381
2702
4115
5059
1169
915
2843
6080
2884
629
487
992
6811
6293
2434
9375
7169
9291
5205
7356
3756
1121
6760
3879
2648
220
3984
7675
2796
1625
6259
6817
661
3840
7971
4830
8821
6638
4843
7562
107
8649
8751
7986
9531
1916
2308
3943
1248
9019
6893
6970
3783
4557
4192
3847
2731
3928
4551
4445
7024
6250
6917
8189
4920
1490
1562
2496
2135
6813
4612
5501
6550
1064
4252
1296
453
6946
7553
728
2262
6873
1621
448
7479
1536
8234
2223
6162
2066
3351
1670
5996
259
9713
5342
7903
6705
1088
3496
4636
533
7721
6328
3228
9161
7333
1934
7870
1669
1047
4224
6824
7304
2988
8284
7271
2076
5638
3014
3134
3076
1452
619
1251
437
5222
1883
1953
5525
3785
9998
7693
6546
5896
6306
2307
5461
7884
9538
8814
9179
659
6297
2463
3668
6498
1098
362
730
7447
9789
6922
2854
50
3185
969
4851
3985
2020
4090
9848
4080
4668
4745
8986
2336
7240
3492
6762
5464
8100
517
8572
3520
9205
3907
9971
2439
913
6177
6892
2682
316
1866
6106
9099
8192
535
9227
6966
6515
8080
5886
4333
9102
7432
8849
7088
6068
9306
9030
4020
2491
4701
4345
4610
6497
9261
2175
3865
3255
978
2997
4506
2551
6662
4640
3584
1774
9827
7106
5914
2244
2154
5819
2811
6019
178
8683
7781
174
1060
6902
9767
7301
9397
3107
6845
6476
8193
285
6274
5112
9430
6766
2791
9564
6484
6713
4240
5517
2446
574
822
8634
785
300
3787
7000
9874
9685
4384
6270
8595
6147
6673
6624
5913
3109
7073
2975
1705
5181
4854
8775
882
5692
4103
3189
2243
3694
8183
4808
6142
7656
1462
4033
7996
8980
819
3903
6735
4807
6022
973
8594
9151
5263
8744
9324
7238
9312
2487
7935
3726
9904
4242
1925
5000
4007
7335
5897
9647
3431
9842
7055
5235
3717
3884
9572
7297
6182
2607
9677
4628
5947
1784
3639
1872
9615
266
6537
723
4564
8035
2246
1573
9333
2031
7719
7692
5510
2387
5078
4448
4823
6089
1636
4980
139
5878
6185
8807
5029
6686
9526
6674
4450
9634
5989
6600
2055
3974
7008
946
7137
8148
5847
9665
9092
3251
7145
5744
2296
8759
2138
1732
4925
6691
1473
4178
2712
1687
9169
7899
1046
7163
5698
2739
6470
7896
1659
8430
1655
2606
1067
587
5835
3795
4149
8380
2544
9867
3826
9681
4086
626
2795
4909
95
2426
4300
4887
2350
4663
3665
694
3876
2938
863
4660
2877
9820
6642
1085
4597
5094
5837
5872
996
9275
4759
2510
223
6320
1572
4324
688
1724
8806
5354
5772
2978
4454
1420
4458
8609
5605
5751
4809
5717
9869
4904
852
7931
6848
10000
2891
1269
536
1399
333
6451
7052
3461
9366
2770
2123
6717
5003
2847
8532
2147
2588
3972
4085
6856
1791
4928
8388
61
3357
7524
5246
4124
9135
3976
4763
4504
6696
9709
4561
325
8818
6175
5986
2340
5836
9856
4374
5203
188
4398
6466
4680
4544
2529
9474
2303
8882
9650
23
9944
5830
794
4186
7710
1595
2459
1940
8286
7492
1865
2126
5086
7412
878
5193
6439
8266
1115
6443
9427
9865
5117
5718
8768
4627
4473
6884
3816
2163
5876
8616
9730
4751
8917
1937
4795
4435
6349
538
5854
1594
1457
5767
5753
5127
1245
74
4155
7912
8211
8417
6541
7955
1126
9635
3131
4825
6763
2302
8486
3243
8837
4270
6132
4953
4645
4493
7951
6678
235
2268
7873
5611
6171
6290
7585
8661
2830
8462
8493
8404
3439
4736
9605
9573
1119
4568
2980
1926
3551
7284
609
8928
7880
2849
4670
4
2150
4286
7750
842
7165
3773
6605
5722
5259
3237
1258
7767
9086
3978
8172
6929
5688
5443
7474
714
3241
7420
83
6827
765
9438
4050
4970
1491
7311
6033
9027
477
2882
2352
5755
4899
4238
7109
2850
5762
6281
1228
9031
8637
9729
3643
2580
4249
5564
594
2300
7199
4037
8312
7984
175
6795
6590
8300
7725
3272
7353
5502
6372
4330
7054
6029
338
784
1615
4142
5001
2121
4573
3233
1117
3754
2953
4875
7480
4381
5556
5360
4122
4053
3238
3760
7872
9824
5634
1391
176
6093
1200
3719
7703
5322
129
1908
736
6312
9442
963
1663
1838
5920
6508
1259
1856
5455
1483
6495
166
4203
7745
30
5145
9223
249
7406
2595
2587
9910
1056
9011
8764
9655
2968
8253
4820
2203
1337
162
8973
2140
9656
5202
2917
8838
7946
5571
1918
3696
5775
9434
1861
347
586
8041
5019
3737
4083
4031
8159
6267
9138
8033
2933
1080
9217
3655
8627
3973
4177
9510
6720
7756
3257
5321
4451
8557
3583
9787
865
3538
4375
3038
8771
3459
5978
2411
602
7817
4371
375
5678
2364
2419
8229
5208
3065
3358
6982
9347
8252
933
6219
2221
7640
8125
2335
8447
3118
6661
6454
788
2729
4503
1939
3966
1997
4510
4006
2958
5272
9243
1880
6396
8956
3178
874
643
1072
8223
8336
1716
7466
3166
7988
7924
3179
5927
7855
6044
7478
2445
7797
399
1696
867
8259
2670
9335
2774
6632
6268
284
4439
8509
2873
4076
7236
9972
1887
3150
4594
3577
1879
1741
7551
3848
3817
3479
2497
3025
4052
2652
7430
7231
3647
7972
2098
2680
2886
6725
7315
1587
2569
6077
5727
3108
3370
7262
8069
4169
7839
3077
6603
4404
8621
5668
9328
6302
8895
5089
9643
6790
3536
4609
9041
4731
3939
1557
295
4217
2853
1928
5946
7605
8953
7075
6230
9585
9861
7155
7427
3929
4387
8799
3086
474
9453
2956
1105
6571
5261
1149
767
8063
9139
9484
135
3755
6310
8424
245
3523
5468
6150
9235
9507
5576
8896
6410
3506
2231
8176
6803
6971
5046
2824
6324
6020
8350
2255
7874
1250
1303
1787
6654
5671
6494
6951
9793
5323
9570
8244
2230
9212
6426
5105
5864
1244
2655
4855
8921
8604
940
3113
2566
1436
2363
8028
8576
6151
7898
3937
5236
2671
8624
7170
5485
8550
9311
5032
9909
6167
3456
7638
2348
6365
2976
7036
8245
6101
9679
7702
2840
5899
5241
1631
4600
1324
9124
3491
6583
9490
5405
5699
4254
1747
9813
1037
566
4207
8314
2074
1708
3684
4968
7850
6645
3356
7650
3218
7776
3391
2848
8888
4558
4487
1760
4015
5154
724
502
236
4877
3910
7594
5279
9589
1230
403
3892
7148
3748
2906
4811
1495
8952
8522
7179
4182
4760
6984
8200
5766
99
3338
9735
4733
1380
8077
1511
5284
3732
994
8548
9862
8376
2899
1895
7283
252
9091
1387
4274
2593
8301
4415
1546
8955
2812
875
2575
1083
4537
3447
8318
3075
1192
4087
8342
846
4859
7580
6909
984
1313
1603
2612
1434
5658
4535
5353
9576
2017
4082
9016
2399
5201
8787
9545
1279
5030
5390
6629
6400
647
9502
8123
68
3403
265
6650
4893
9251
4360
8297
4232
5879
2718
8190
3344
7857
719
9749
3598
78
3126
3687
3292
2524
3776
1996
7387
2597
8518
943
8948
9712
1878
8687
2867
3548
3119
843
2015
6894
709
5339
824
404
8101
4919
2027
2704
8446
7110
7247
1516
9614
3151
8264
6448
443
425
1538
2355
8720
9979
542
7204
7818
6279
7010
2863
1093
5670
1343
7575
8887
652
6711
281
9694
6930
6588
3522
177
211
6278
8065
1132
1769
3906
2554
3852
2921
9145
1991
2600
3095
258
3000
3531
5334
8562
1240
6981
6756
3139
9691
3378
8729
2532
4247
4453
2578
7846
3965
5585
7892
1785
8698
114
5609
6785
5109
5981
5281
8261
7450
5113
7696
4921
2214
1187
4388
4276
5792
7191
3155
8001
5306
8664
1461
744
2482
1995
665
7623
7713
2343
726
5735
2270
1009
760
9180
7243
6986
3835
256
3271
4379
5158
5593
4248
4814
6568
5497
4412
7287
739
7190
3200
1529
6201
28
1967
3242
8237
2960
3199
4900
8290
2493
2629
4199
9308
3020
5540
4608
5415
4500
7205
8337
4895
8071
436
1386
2558
8982
2586
7849
9659
8236
5958
3016
3027
5708
1417
2488
3039
3024
3837
319
6765
4120
7757
2382
8282
3404
7339
7748
8420
5290
8440
4266
840
9515
4599
5250
6627
8005
2643
3519
6467
9657
3823
8213
7368
5712
2038
8138
7824
868
2092
7142
311
2817
35
3797
5430
559
1301
8715
2003
8864
2499
8496
6560
6530
213
5635
8418
7947
4022
3893
3766
4655
3105
8147
7922
8617
8738
5823
5151
1367
7530
7330
6935
2278
7980
1213
5012
2481
8482
5619
461
706
2912
6954
7673
3008
820
3465
7635
7164
6772
2785
6682
522
5077
2947
9897
4764
2195
7529
2627
1413
7694
4650
7895
7086
9141
7712
9146
4397
9501
817
7212
1527
9192
545
8666
1275
6468
7643
7732
5574
7734
6303
8129
781
853
6131
5536
9048
5445
9096
8413
4604
5192
9663
9413
8020
1356
7103
8004
1727
938
4344
4386
7177
5421
4018
1826
6521
9130
2456
116
8111
8445
8062
2205
7146
8133
1656
693
965
4174
8601
438
3845
8535
2641
5120
5642
7282
6653
331
6721
2480
4423
3405
4030
3328
8800
648
4821
2967
1384
5460
6207
3386
2346
8354
9855
8855
4724
8873
9894
4253
507
2885
9845
8144
8752
1340
2110
9816
8705
4993
3608
2833
40
1582
8325
115
9403
7074
5190
3217
1285
2183
6608
8288
4577
8279
3172
4312
5285
7039
7533
3581
9363
2325
2452
2085
185
9419
54
9114
2283
7383
3318
6005
7601
6136
5009
1128
4391
2413
6989
5733
4649
2534
9710
7888
4464
2415
4642
2874
1163
1542
6828
1675
2408
7244
3144
6936
6839
4378
7733
5251
5548
2359
6715
5081
949
8358
5403
3455
1108
3734
5815
6659
9001
792
1503
4990
8630
3360
5314
5159
8381
3770
394
2253
2021
3814
2608
5949
4299
9254
8891
8697
8303
957
3970
1566
7611
889
4102
6733
9566
4776
9818
598
3223
183
2337
7325
4589
267
2119
9837
4059
6272
8524
4651
3659
1744
5629
3697
1897
5956
4775
590
4198
2096
4903
9711
7462
8667
2169
1971
4328
5577
8070
8097
7543
5441
3288
8635
576
6544
1062
1278
612
4032
5320
9810
4856
7537
4146
4864
7255
5244
7573
2022
2971
6411
359
4261
2068
5387
5838
5874
7535
6155
7572
199
9876
9506
7987
9933
9753
9407
5305
7853
4971
572
9653
2804
9388
9120
9394
6172
6152
2034
9441
2541
6708
8872
9554
8796
9350
3317
9666
8959
1550
8476
2502
4684
5633
9053
8390
4383
6338
2498
1323
1219
1674
9762
1764
57
5579
4419
8809
4027
8343
3154
1304
9553
1444
2837
8676
1277
876
911
4058
3417
296
7473
5640
6477
3539
9704
6500
966
3863
6137
4456
4784
525
2820
6680
468
6417
1428
6581
7965
742
7245
7449
8850
8130
751
8539
1148
3497
3941
5834
6554
3597
1078
6075
6820
9520
2071
154
7622
9399
8865
1793
9383
3395
5527
8399
3774
7608
8556
1217
9569
3011
9004
6254
1341
5715
9271
7491
8473
9702
6258
8978
7281
7080
6184
950
7370
9154
3278
4786
2087
9002
2750
6344
7108
8811
6891
7184
1590
4910
8990
5237
8036
5726
2204
6559
8436
8000
1806
8587
8570
5274
2742
2381
3905
2461
8914
9237
1282
4334
4601
9723
320
4643
4656
4490
5508
6057
3133
4839
376
6825
578
5538
2920
2254
9562
1350
7366
6505
907
1430
9550
8140
6158
7590
5341
7196
8826
341
9412
1819
1032
8468
6875
4191
9218
17
4727
607
7046
3555
1970
8029
3793
6826
7223
6692
263
2831
1758
181
9422
6217
1039
9595
2972
6391
881
4418
9945
7841
7544
7361
279
196
8869
9316
2495
4965
2687
1082
6567
5877
5626
1274
9367
4433
1003
2747
70
9309
7026
202
7528
5782
2440
9010
9532
1063
3280
3669
5614
8737
8692
2275
7520
8654
2628
4748
7976
737
7620
1579
9281
6178
8707
620
6248
9222
222
2365
5007
6078
2559
8421
4161
7800
5470
6441
5364
7614
8124
8568
9343
9210
5434
7737
1453
9594
8276
6572
5318
9415
4840
9612
540
6222
5256
4892
2330
5858
4370
2836
2117
3728
9761
7455
4278
9883
1319
2106
7028
4071
5719
4326
8688
8549
2012
9220
8559
5953
1178
7309
5774
7007
6107
3083
3373
8756
344
3148
9323
4075
5108
6898
4803
1734
7920
4444
3662
9338
1024
2557
1559
3843
4501
3913
7564
9871
2421
193
8174
3230
1130
46
4798
7654
5730
5639
9544
8053
650
900
3211
4417
8168
6469
2281
1906
8571
4912
1907
4847
3127
3731
3146
4508
7856
3309
5930
415
5174
570
8816
19
583
6397
2267
1031
4565
5587
2765
4420
7130
9278
9118
7463
6836
8588
3206
8006
9228
3486
7113
6784
5300
5231
5549
6938
1449
1574
769
3735
2896
2329
6937
8310
9376
970
4738
5410
6851
9662
4171
8273
3707
2722
9822
9344
6879
4913
763
7120
6967
713
9194
8152
1943
4580
3091
3205
2152
579
3736
7220
9481
2313
8512
6564
5294
4983
3680
8530
4104
2654
3764
4406
5224
3724
3569
3382
3110
291
697
3289
9610
2764
3900
3450
6408
7342
4005
2248
8384
1540
8217
6769
827
9150
7875
8227
7905
786
4496
2389
6488
7418
3631
4311
2536
7394
4611
41
2615
8636
3481
9035
3763
6363
6905
355
3933
8755
3444
8441
8718
3508
6362
1973
7879
3860
6423
4094
8472
8899
6221
6
8866
9327
2052
5232
7901
1801
8104
2892
1643
8987
4672
9259
2380
8341
2194
9703
8777
4361
7845
5565
4728
1450
4625
6816
9373
9157
4563
2599
1455
8906
683
1195
8827
977
8854
9763
5442
5416
6609
9083
6491
3480
2259
5223
9432
8165
5925
2996
7876
4605
7641
5745
8679
2839
7453
7136
1321
9875
1408
9463
6241
5333
7115
4112
4631
1208
7176
4902
4175
4143
86
5097
6888
7254
8633
772
6418
6647
818
1620
7558
2036
3553
6965
8902
2358
6592
1781
4607
8877
3290
6925
8652
6579
1012
130
1839
1680
7610
5355
9005
7909
5962
6728
9721
8784
9618
8467
9426
7203
2019
2207
8910
7065
3546
5084
8600
3652
7602
2395
2619
1089
2064
3622
2164
5857
4659
7470
7443
6125
6347
6361
2951
9746
2945
7076
5849
3516
7979
3448
1045
2430
7842
1232
5764
3393
173
892
1817
4697
4987
8863
12
8484
755
6373
8475
6976
4486
988
1962
6771
3325
7869
2160
1904
7828
7569
8114
5866
2310
4591
6693
8326
3203
7001
4000
7126
5824
1173
3435
3469
8552
4011
1864
5227
254
1762
2191
1073
9852
1292
6996
3010
4726
687
4489
8108
9733
4164
2711
5090
2473
3012
600
42
6076
8503
6643
2709
9112
5725
3896
3591
6099
4246
3712
1797
4630
8298
8714
4746
9295
136
8214
1188
4576
2044
6774
3204
6173
9688
449
9790
8886
9451
3946
9582
3163
2467
3147
1127
8701
1863
7310
270
7347
5146
3362
4148
6919
5518
6947
1043
6949
8433
9104
2735
7511
9372
1262
7510
7519
4931
405
6924
5853
1736
1316
1488
7374
327
9808
1194
3102
4766
5817
8733
9265
5243
6730
3673
8569
4512
8327
4730
9084
9040
7883
5271
3192
4638
7897
77
6538
5882
2694
9042
3609
4639
4338
8043
6242
5021
6257
6596
9349
9082
5229
9697
8367
3406
6664
986
3369
2914
8379
6606
2755
5184
9580
9204
1207
9759
9241
6069
3925
7082
782
3790
3650
5928
3621
4540
9629
2561
2807
8194
1619
908
8998
3801
8645
7344
2562
3023
450
3750
2410
1688
9465
9826
76
2327
7260
929
9872
4147
5338
526
7227
5520
2309
9026
2633
2640
3986
3184
4298
1069
616
906
2547
9171
6050
1249
7706
5057
1920
2919
4108
7754
6413
8583
1094
4227
7290
5194
7436
6176
8691
6049
5643
4134
8411
509
9334
89
2789
2790
7022
6570
9191
4998
3537
1290
3572
8911
5095
1575
6375
7657
9025
596
4105
6346
2816
5163
1191
440
3559
2740
5178
1532
7730
1697
9339
6619
9646
5809
8243
9181
4036
7885
8655
8916
9815
7380
5706
8798
2157
8868
8003
3831
8212
8188
4393
5132
4761
3677
8829
4853
5177
8275
3855
5677
5651
2256
1821
5166
53
1375
9199
5589
5970
1896
1778
1464
7929
9906
310
3104
379
4658
9851
5139
8984
9969
7166
6668
5115
8490
8779
7038
1800
3931
1035
9807
9479
7914
8754
2591
5482
1770
5607
9800
2523
2202
1014
446
6058
3414
4793
7452
903
4296
5266
4880
9225
264
3354
5797
8940
7923
9445
3296
4315
3043
6406
9579
9917
6276
4992
7233
169
4434
2292
3182
6904
8803
6482
9628
3291
3739
7631
7556
9325
8879
5156
8857
7294
6855
2669
2979
9064
3015
6103
778
7648
8226
9804
5771
1097
9620
6523
313
3922
495
1922
3080
3219
4666
1873
5372
4788
3762
641
4382
9033
2685
6835
329
2810
7409
5721
8018
8031
4347
1585
2543
5212
3050
6577
554
101
3920
157
7159
5257
350
9209
81
4805
3098
6311
7746
4520
4065
3977
1978
6179
854
2045
3989
9609
2159
9608
5067
1479
6120
3066
7317
5380
7689
8042
9072
998
5602
5099
3576
2672
6582
1881
932
567
8870
3742
4118
4644
2176
8347
4009
4038
4934
7739
3366
4110
3194
2134
6264
561
9523
1968
9482
3842
9714
9583
309
5035
4827
6440
7385
8935
521
6195
7419
7788
4079
2862
3730
7183
6129
7097
8589
4416
8835
3473
1364
5185
4926
9429
6038
2165
9540
9637
4060
6316
1945
6991
2090
7854
2738
3333
8542
9089
5960
6471
9606
4352
7549
5411
5968
5287
4184
9336
5082
9577
155
6617
7667
5217
3365
7547
5454
3041
5895
3364
610
9961
8717
1057
8139
2666
3153
8091
8481
113
6878
6271
8260
6193
6489
4710
3968
2514
3216
2384
9890
4653
8049
4906
9063
585
9728
4976
6227
4598
1135
6671
6616
8690
8941
9287
7587
6684
5458
6652
6247
1006
1492
551
7296
4957
6640
5308
6831
6890
6436
1139
1481
9405
9928
7607
3640
582
1892
8946
6256
1518
4215
5349
2769
6485
7314
4303
5663
3377
1020
2986
2651
4838
2151
2078
8105
3022
8283
43
8094
7786
3067
3500
2659
7958
3864
7974
158
5713
3509
6990
1346
1792
9525
844
9716
5623
6427
9302
4754
4860
8544
4078
3718
9993
1707
2842
2005
5359
161
3853
3649
5563
1334
8013
9514
4465
272
2043
7522
3337
5332
9707
5348
9931
4949
758
2193
4888
9122
8405
1005
3628
3858
6117
396
633
1154
7268
9923
8487
2639
5558
1605
5754
9322
493
3112
7114
9273
1829
7027
8457
2987
8401
5299
454
3335
8410
2455
4025
5449
8767
4323
6655
3058
3594
2133
6199
9518
5686
6531
5128
6635
6551
6758
9079
1193
7534
6972
9105
4780
5080
735
5796
2137
5904
922
9667
5417
7087
7768
6788
3850
3416
2161
6881
7775
5543
9758
5480
3788
144
6200
5905
7752
4008
1068
7185
4837
8677
9014
4160
7591
5376
7998
7561
2829
4039
4918
1984
3971
9152
58
3625
3981
3310
3314
4280
1960
7096
4677
328
9396
8765
5433
410
4040
3592
2883
1889
1695
9037
4756
5648
5701
8598
8504
3143
7803
7599
4163
4332
324
8278
1772
5618
3380
4193
6475
6039
4220
1684
4527
7173
1599
3956
9885
4695
3487
3898
6395
6226
3708
4471
4403
7615
2754
1544
3453
8257
3319
3495
9581
6001
6737
2714
3862
1748
6004
4429
72
7278
2139
7545
112
9454
179
1000
5873
6712
4092
7134
3074
7598
5188
4863
4532
3268
3571
9654
6326
1164
8541
7246
317
7100
7469
5343
4744
8032
9359
1789
2396
1018
5005
2530
2277
4879
6557
9189
1442
4502
6015
2272
8224
775
5327
4940
434
6809
195
3958
6623
604
8408
690
7783
7834
2280
9446
5162
8592
9756
1912
571
3851
1383
9509
9565
2273
6017
2224
5476
8954
2973
6518
2285
5583
584
4277
6910
8052
5763
5459
2512
3660
1013
9433
8730
3188
834
408
5296
5822
1553
7525
5954
9051
7428
2072
4507
2360
240
6462
1238
2910
8198
2097
137
6535
2129
3927
7389
8439
6277
6018
9949
5182
3570
5656
7498
6768
8267
4260
9591
8161
7663
1586
2317
3709
7064
7329
7542
5356
4313
3550
274
523
7943
4872
1568
1437
6112
971
9289
1201
9
6944
766
6807
6130
1091
2056
4742
8158
795
9166
82
8201
4172
1175
8689
7207
8774
9070
2412
9743
9736
8578
7815
7069
9075
428
7345
4002
7303
4042
132
4774
1008
6958
4619
5091
6612
6552
8304
9462
7814
9458
366
8979
9850
828
2104
3661
138
5456
3510
637
3379
6425
6165
9015
7043
3003
6957
7810
422
4584
8981
2375
8567
2232
8141
4225
150
297
5697
2464
1079
2453
4946
711
8177
8348
722
9133
8120
3215
3101
974
6787
9701
7263
3996
6872
9468
2321
8366
1471
2780
4964
6885
6239
7051
2386
2431
5613
486
3923
6573
8555
5863
9898
131
6561
1498
9912
5083
2485
6492
8324
6988
5386
8805
5991
9242
9106
7653
5096
9057
7771
9941
1113
2826
4550
1526
3529
3305
8967
6300
5319
9177
2908
3149
6707
5210
8202
2075
1137
7550
9231
4773
6941
5335
3240
2095
8693
898
1189
6639
5810
4355
8665
2635
2944
4960
6483
2053
2297
4657
5881
8912
5756
1456
6035
864
7467
4262
334
8703
511
9887
5652
8059
8537
480
1344
5942
4222
4616
9293
6398
4944
217
388
1247
1162
9000
7004
5788
9660
3342
3878
4737
6861
8167
1753
1558
1477
5695
2210
1138
6060
5790
8819
9473
4123
1706
4804
3595
5816
1969
1704
5687
4107
4089
666
6105
3960
7340
7025
489
5309
9619
7709
4376
5559
7975
5275
6840
4271
2184
8847
4016
5466
5859
4936
6205
6301
6800
5860
8840
2284
611
9597
4054
6799
1901
6701
1372
1814
3021
7764
5759
3830
2684
276
6168
7472
8377
8553
5683
3838
4088
5617
1271
8007
9963
4881
2186
7033
6085
8960
5330
2982
7782
3780
1359
318
1231
1294
8407
7578
2148
1370
490
8014
1145
1975
5676
762
3208
2236
5961
8507
1171
3723
657
1924
9144
364
7932
1859
6180
1347
1147
3683
9999
5258
7433
25
618
3557
6943
8332
9486
3819
3889
4623
1823
2291
1649
1618
695
9022
5352
1923
3161
9236
5234
5798
2008
2319
1972
6433
2383
3157
7322
4475
6854
8794
2542
1645
9457
6812
6102
3653
7968
4460
6210
9262
5999
2263
3411
390
9469
6804
6782
62
5568
6964
2471
6225
5608
8554
3882
4440
2540
9938
7577
1929
6045
7881
6837
2614
7871
552
5567
5336
5064
2846
4336
2690
389
9825
4061
9389
1447
6124
5060
6979
8287
2424
9168
8711
8037
3421
3695
7422
3526
1022
6621
7555
370
1401
2342
2799
4555
1699
8846
6366
3420
7337
6307
7334
409
7434
2571
8875
5366
111
3363
2416
5805
9054
4003
5138
8280
471
1267
5514
9410
7003
1961
3177
3861
8309
7210
3714
1749
5073
3478
2970
6043
2503
9269
8103
1545
9779
5562
5368
2963
8983
1206
2940
1824
7121
5051
4044
3090
807
9976
418
9882
3402
8662
165
6952
343
879
271
3264
2705
5532
4590
7083
9165
6980
106
1140
1429
2102
7505
9257
4797
2368
2943
9812
4781
5598
9094
3503
6309
6700
282
5748
5743
679
4244
204
750
6062
2626
6380
6558
6348
2107
7785
6676
8525
9475
8746
2598
3306
298
4358
9578
2271
7070
7332
2404
7840
6978
1613
3912
2637
5594
4314
417
7186
931
9044
3412
4567
4842
6736
3651
4984
893
6969
9823
3749
836
3340
1629
6146
8180
9674
549
9400
9503
170
351
7683
9891
6527
716
2645
5506
3301
3779
6463
997
7770
7893
4290
4223
8836
2957
9153
1493
6295
8277
4449
9512
6867
8464
651
3808
8615
6932
1360
3885
5228
3692
5884
5031
7405
2405
5472
3691
9952
1216
8926
5172
3225
1349
9698
5789
5499
7464
8346
8422
8804
936
5998
8823
3326
2713
2449
7806
1326
9996
67
9942
6631
2922
14
5058
5027
9833
7970
5592
6055
2500
6481
2746
1884
4691
2570
1534
5408
564
184
5392
5781
2472
4472
2567
886
8644
1167
8039
7341
6504
5326
3995
3614
9927
1678
8915
3964
3281
8024
4822
332
512
6382
923
2825
9549
60
9330
6637
6877
5211
5684
6871
5887
4131
4857
7698
4867
3106
9337
1218
2048
9498
4916
771
3034
5875
9455
4785
4815
3887
7326
4014
9616
4318
4413
4747
5369
8448
7680
4150
5547
3368
7715
7831
3909
8151
8603
6480
1100
469
8830
8565
6369
1607
8545
360
7802
1686
813
1512
6687
4151
3388
5018
662
5980
2294
4528
289
6456
9206
7616
6429
9221
3062
9172
1795
7780
5396
6161
4586
8925
8382
3346
7539
7989
1314
6088
7235
1310
4441
7546
2703
6841
1168
8561
4109
6341
9603
5974
3792
292
7078
7613
550
8560
1305
9831
2590
759
9547
2925
9317
2717
7119
989
4959
6013
5496
4062
8067
1028
1125
5249
5826
4070
9983
6808
8012
5492
7276
9806
6128
5013
7167
7765
8242
5126
9604
5597
9977
9803
7760
5504
4474
4890
1987
7336
1376
2904
4074
5600
4569
4119
4938
3130
6821
7234
4424
3886
541
1061
429
6145
4017
3936
692
8908
2454
5761
8459
3693
2377
6334
6457
4167
841
7496
6358
9447
5851
3103
6625
5856
8881
3313
4513
5992
6729
8374
9957
8903
2290
3349
6533
5785
4189
3934
4259
1107
8527
3449
6197
3117
8179
3176
1951
2748
4339
8937
7506
6786
3796
8333
3563
3141
6083
4678
7456
1633
9706
7396
6849
2792
7740
4768
4097
9039
4935
7377
7571
1834
3458
4715
7724
6379
9596
5398
3059
8403
6545
84
9077
423
3593
5829
133
3121
4602
5827
4972
6985
3137
8510
5957
7445
4769
7823
1746
7952
5383
5995
6345
6353
447
8389
1332
9050
698
1765
2483
5803
7194
6843
5324
4495
1804
2844
9668
8516
6819
6900
5121
433
3810
1038
1583
4632
8708
2549
1215
5802
5524
810
8221
6354
228
5315
5505
3836
3359
6626
4988
4891
6138
7954
2517
6874
8046
4219
8265
9052
8581
7172
1469
4958
3919
1241
2209
9364
1948
7031
5867
7411
3567
6920
4833
9226
1050
4665
3437
9017
5965
3883
9196
5807
6323
3511
2190
1702
7798
6770
483
3642
383
407
2518
1302
7523
1616
1571
8515
684
3588
3287
3914
6238
6724
1468
2827
623
7265
9828
6211
8944
702
6796
9379
5230
8860
2
4320
8638
9590
2649
4689
5734
6098
2909
6882
5919
7926
7372
1563
8815
5560
6153
3484
7720
233
7682
674
5546
2182
7289
8712
4596
7209
215
5420
2564
3476
6963
4357
3033
3656
9188
4562
2772
2489
6748
7512
5088
5714
1946
6853
1831
9630
2584
1875
4708
4941
6529
930
9101
9321
9699
2959
7123
1102
5737
9253
8095
1750
3711
1692
5808
3195
496
4245
6734
4255
2156
4257
7269
8434
8072
368
6032
7554
5216
3488
3690
9863
3967
5938
7894
6706
1694
9734
3745
3603
3312
1176
1441
2692
7908
8727
1642
4462
186
8406
7847
9740
668
9658
6288
6292
2650
3556
6806
2385
6308
4250
34
3602
2432
3226
9645
1288
9568
4927
7927
4662
2367
745
8938
9296
6703
1339
2213
2546
7012
206
4196
8772
6415
6615
2083
7302
1065
3821
9724
4214
632
8696
2403
6420
244
8892
9639
595
4966
4258
6915
1514
8669
9838
5215
3590
2538
5175
7285
2069
6003
5293
5615
1959
7821
4029
2636
9329
3494
2610
1783
1166
3791
8791
1788
7300
4711
7292
8993
3064
3274
1369
2793
3686
6751
3498
7481
4162
6948
1016
7312
3140
8494
9018
9356
4907
5979
4862
8315
4190
2526
2279
1556
5429
9671
1049
6087
9480
7866
514
8930
5707
1733
219
9390
9304
3399
6584
4849
8734
1222
6355
5888
3052
5041
8582
8040
5667
727
9208
6868
6509
9857
563
1903
4422
7352
8547
8083
3142
2366
1320
9056
7175
6810
7981
816
5903
160
4056
8773
3115
3299
1071
5902
5419
5590
981
4523
2082
6912
1703
1711
5922
7349
9341
9908
3229
5195
9989
7275
1731
7921
7637
7735
4688
3352
1398
4349
6335
6601
8663
6576
704
958
4129
2624
7626
3881
6231
8763
8660
5207
8203
2166
5711
3678
6602
3871
2168
1407
1342
2323
2835
8155
1685
6357
9406
65
6709
8591
8934
7969
6327
5301
6438
9384
8991
1312
6154
7651
2751
1917
7095
7359
4572
9034
555
4116
1421
8452
9748
4911
6727
4077
4113
2858
5240
7295
884
361
901
7206
2861
5738
1766
7226
6377
4353
9768
5072
6233
8498
8949
2429
6037
3802
9340
2305
1090
770
5283
4212
1443
9435
5225
8274
3385
3624
2050
9353
5414
8748
7020
6143
9132
4515
6955
8066
5988
4956
5959
6939
2125
3948
2679
6234
5891
9470
7305
991
4004
3932
2596
3269
3053
9936
2698
3786
8099
4179
7668
7415
5478
9751
73
287
7392
9305
7588
500
5731
5247
6589
3530
9798
4706
1700
8614
9956
122
6722
7666
7397
7293
3994
1505
8319
9522
1565
2458
4307
2311
589
2678
8702
9586
4624
7
9067
9326
3729
9962
339
5426
2295
5739
6928
850
9821
8116
1220
7568
9505
6863
1025
8999
4407
510
1608
6740
7391
4114
4073
8686
27
1983
8126
7425
7664
4485
8508
754
1853
9055
7216
9436
5646
5011
6023
4202
8647
48
3504
6208
5729
5612
3295
8470
985
7189
5034
7141
4836
1982
4481
2318
9951
2924
8502
7497
2332
6968
1170
455
9705
2002
5253
8432
2828
634
8731
1803
8745
4165
1172
5581
4547
3073
6613
5357
9533
7386
9683
1857
1142
3813
6280
2197
3721
3207
2516
7423
5040
5669
3374
5409
3493
530
2222
733
4682
2719
8789
8058
7013
8844
9268
2868
126
2042
9786
6792
7316
9997
5636
6163
2528
5239
640
9896
2063
3350
3396
2315
2373
4585
2339
9393
2579
7362
2345
2621
4553
7063
3782
926
3868
9946
7674
4185
8329
8461
2527
4187
7540
9652
3521
9456
8330
1015
3634
5512
488
1942
8790
6235
9313
1412
5277
1066
5700
1611
9352
1849
6351
9417
3818
1333
6122
3579
9193
833
531
9598
7714
2227
7570
4188
7032
1835
2582
1720
8842
3183
4265
7201
1535
7777
7150
4455
7256
6866
5758
5347
5183
7621
1487
832
470
9213
6918
4289
4846
4753
4878
3323
6604
8942
2888
9584
1990
5269
2677
4526
3524
6298
9860
2689
5307
3122
8128
4284
580
9778
3775
6679
9700
3111
2749
9187
6778
8219
9731
7208
8387
6404
9765
7517
3397
4939
1894
7111
3911
4309
478
4264
6689
8497
7437
1885
7665
9318
8813
4414
8169
3645
1650
9203
503
9250
3485
1489
1029
7805
9009
69
5160
4546
8182
8919
6329
5153
7011
6752
8086
2040
98
7531
9835
5061
7133
5795
1404
4101
3401
1767
6236
3463
8623
2815
1751
2051
8585
9695
761
1476
7193
4498
696
3160
8725
3527
1900
4427
8184
421
3951
8458
546
4322
1567
3348
5800
5292
6368
2465
9529
2779
1739
8657
2771
3666
3617
5742
5491
9414
1289
4206
7279
5840
2200
4681
3164
6822
5487
3806
7477
9028
1871
3028
4817
1081
8808
6269
5422
6697
9760
8974
2394
8085
1199
7444
5503
7426
9907
3561
4845
2664
6265
9543
6289
1472
4699
8321
7267
6284
8132
481
9797
13
4914
3085
6887
1482
4466
5446
452
3635
9476
7363
9494
5855
3440
197
9516
3266
6685
9477
2422
1578
9450
335
1484
302
8943
5780
8054
7435
1836
44
9380
5664
5907
3784
1268
3942
6741
8081
873
4997
3247
9651
1815
4810
3
1845
9737
5481
712
3798
7149
5453
5473
467
2819
5632
3949
8019
9795
685
6412
7751
7318
5363
4431
2803
642
9680
1257
7112
167
8269
3210
4870
2341
1264
7910
924
6698
5918
2443
676
6321
6569
3869
9921
4231
9478
6779
7763
1284
790
1186
3870
4308
9024
8975
1379
9607
2852
4024
9069
700
5391
6202
9461
592
1548
5171
682
7582
4765
6611
1223
3152
93
7741
3676
995
2070
3276
6442
5794
7670
1543
9013
2437
4876
8038
1058
7118
2691
5580
1440
6644
2288
5740
5537
4442
337
748
7865
8385
2616
108
2927
3962
4943
1209
2016
1393
5413
5693
294
9500
6339
8044
7009
7687
7139
5689
6148
9669
5541
6599
7014
494
6275
6923
917
3552
4905
4858
4268
7612
1377
4929
8782
7197
8451
6249
2611
5545
4302
866
5591
2393
5255
4099
5841
2634
9032
119
5242
9648
8207
9058
5155
2601
2217
9267
645
9982
9003
8426
2721
6852
207
5630
5944
2966
1742
5869
6342
8027
6212
8262
9715
2490
7959
8306
2522
8383
9985
6299
2109
805
8427
4794
1852
7773
9914
7642
1963
9062
8958
5910
3336
2149
9774
5393
9370
6630
1913
501
9939
649
8241
9809
7766
8450
482
1335
9517
4354
5402
7458
8102
9846
3605
2859
1402
2362
9491
9411
5303
2136
6157
8988
2935
3541
4281
3619
2653
7286
7365
354
9593
5129
9739
741
1448
9811
1221
3284
524
59
8820
776
1233
605
7799
4505
8668
9378
756
7592
3355
3794
432
8235
4813
8757
4720
146
3688
4067
9602
2258
591
2185
3470
2695
3078
7023
2913
2851
2901
4497
5191
4679
2120
7515
8371
9392
5964
237
8961
5647
2146
935
9718
7686
6134
7999
1523
7962
2563
6243
1224
2406
7056
9970
9817
3441
1919
885
4582
5490
5407
9784
4476
9377
5200
2059
8079
4885
927
3460
1133
1779
8453
6237
5909
3231
2693
2474
8073
1782
96
4932
36
6198
5198
1254
3174
2047
8491
7726
8546
7272
3573
203
7960
9916
9111
3765
4948
3854
1729
8178
9201
4201
7690
3991
8109
8068
15
8640
710
1299
2189
1726
8251
4367
891
9631
8520
3044
124
149
143
304
7053
6517
919
2686
4667
1988
2037
3672
8195
5831
1911
5389
6829
2683
2046
5219
6206
2261
9955
2700
7250
2354
8611
3891
4467
4230
8719
5437
3254
982
1419
4536
9995
8323
8933
1281
7851
7346
8543
3877
4045
3030
2800
2658
16
5578
3464
1327
6336
214
8456
4734
7830
2435
51
4443
2981
3331
2116
9113
1010
2057
7902
5783
1211
802
8893
3273
9696
4889
7906
8856
1635
3332
2991
5516
3507
7143
721
2188
8533
7660
6461
5893
1735
5066
9678
1124
9357
4950
8160
617
968
9418
398
6757
187
3197
1309
2228
4288
7079
3630
6565
6903
8017
2783
8240
3699
9098
5045
1709
419
2265
5346
3596
8671
9182
9240
1520
9258
2813
2983
4717
5936
2324
3259
3262
1478
7454
5770
1054
9987
5557
3413
9693
5427
9443
9245
5778
3165
2372
7072
8048
243
6499
7711
671
52
3908
4592
8641
4121
4348
1114
7156
8078
9314
1141
7501
8435
9467
6063
3682
3781
9285
5513
1237
1723
5093
2802
6229
9600
192
1118
6956
2841
4901
9986
4683
3499
937
5026
3549
9466
5595
7441
5114
800
4141
8528
5100
5134
8859
4293
9117
9757
125
8191
8196
5997
5486
2519
830
2122
3026
9858
3009
8268
2521
4411
4091
9234
7390
2775
4614
1030
4618
3901
9238
2577
7128
6409
498
4702
269
3955
5450
7382
4518
9732
5885
1317
7182
5131
2112
5572
9266
1730
1315
8335
4329
4331
1932
2995
2009
4093
3394
7957
6066
5631
4606
1577
1243
4251
7867
6702
229
5966
6502
200
635
7090
380
8089
7021
3574
8656
3789
2269
6333
2990
2344
5116
9557
826
4138
6081
7671
3987
9752
3452
8425
4291
3252
7736
7948
3999
3224
5653
9777
8204
2788
6407
9950
2845
2289
4153
4790
4425
3049
7060
3308
4430
4491
5799
6051
9391
857
2010
3620
5883
7468
5173
1539
6447
1400
5655
717
8770
9536
9719
9319
5209
1390
4521
6999
3952
5776
3181
2023
9841
5006
9508
1570
3239
3302
7214
1227
7755
4549
4739
2407
5544
4620
5076
7094
4392
3758
4301
7122
3752
4955
2662
6764
2696
7399
9627
799
8150
999
5254
4930
5273
6133
412
9297
121
7229
8359
4409
3606
3398
5423
2949
5777
1110
8010
8313
967
8724
8505
7266
505
8047
1589
8950
4310
8090
2918
2475
5865
6196
9074
3565
6767
6352
9398
3716
7560
8474
8239
8489
8478
1679
9294
3648
5125
277
3743
1463
5818
9599
9561
990
4069
6144
7376
8646
7647
1950
859
9975
3702
5588
4741
363
9358
1055
7006
306
8228
4850
5526
1776
9889
8564
7045
1623
9563
914
9224
4239
4117
5705
2706
2876
8972
6452
3772
740
5438
2199
4064
4962
7457
2371
9902
962
3187
2006
2708
9791
3209
9641
3428
4824
322
6802
1552
4652
7967
7597
7649
520
707
4128
8605
1992
9059
9444
6797
3825
3311
6026
4098
3471
9239
1499
1531
7328
2370
1157
5749
5425
9103
8766
1902
372
7048
8905
6503
8398
7708
4346
738
2298
6833
6041
7105
1182
3580
406
1179
2028
4335
4363
9541
210
3286
7618
6614
6030
6534
5465
5994
2552
7527
2238
1581
2955
2618
3767
1474
5519
3005
4951
6540
2903
8250
8395
2992
1756
4200
7402
5233
6945
4282
6156
6465
4100
3979
6514
6188
6934
8355
2219
4479
6113
9884
414
2105
4159
1876
8536
5065
6048
5137
4641
5601
2469
1867
8465
8378
250
5787
3710
9401
201
8907
9905
225
8292
6595
3629
7016
3828
6838
1144
8898
5825
4356
855
4482
3807
6115
7907
862
7790
1378
6213
8970
2033
2752
6710
3390
3654
8485
9881
9351
7677
703
9272
8438
5570
6580
1521
5136
4674
8339
1103
8780
3004
6675
7047
9021
7964
4130
5469
9750
9163
2451
2948
6389
562
1260
1860
7938
9937
2039
9148
6688
4236
3761
9472
1682
5276
5843
4351
7514
6746
6325
7809
1272
5728
4778
624
2620
9047
814
1496
3128
2041
5340
5358
6428
5704
3627
4954
1459
7400
6815
2855
2029
8845
4157
2167
3060
6801
8437
9642
7833
8008
3433
4722
7778
2818
2334
6159
4170
7091
9219
7659
6251
701
7241
9076
3327
6450
4570
768
8876
7595
9499
7717
8740
1822
3841
3419
8135
8295
8488
1522
9830
6997
7066
5604
8923
238
7848
5984
9292
1517
3899
2180
9521
1637
8166
7200
5384
543
5732
1802
4975
5152
5533
4772
5833
7990
1494
691
251
6510
9947
5148
1725
2178
1053
2425
3474
7495
5074
3980
7661
5023
8629
6993
1632
5551
1899
9346
6598
2890
7863
4752
4267
4043
6478
7484
3811
1451
3867
2026
8924
4522
4066
4369
4989
2939
877
7321
1109
6383
385
3415
4176
3582
3803
5165
1076
49
656
4898
9504
558
9420
6895
672
9127
2187
2215
1150
888
4106
4696
7181
2509
7131
3918
5765
8084
1591
3007
3568
9601
4886
5130
2206
1955
5850
7504
224
8431
4770
7049
9978
430
1
3006
7071
3334
3298
88
5842
3566
4063
2539
2241
7098
7911
9859
7168
9080
1638
3562
904
6370
3483
6360
5724
2697
8573
1541
7395
8171
8419
1604
7707
5025
3258
6285
4661
7490
4525
2794
1261
7813
9911
1759
5494
3514
6141
6490
3475
9511
5087
1547
7722
5811
4342
774
7239
7886
5312
8096
6670
1361
4204
5898
2537
5226
3778
9216
7937
1348
6086
8672
293
1598
5933
9727
2145
4883
5400
5069
9416
3611
9920
5769
9276
4436
8258
1980
5894
9783
4721
1051
1510
9320
9741
4343
1810
8700
2638
8064
4368
2605
5511
3256
3998
4767
2782
6974
3445
2444
2962
5911
8291
3940
9959
8225
1423
9229
94
5186
8163
5746
9769
2936
7541
6911
2198
7716
2589
3031
5569
3963
5828
1956
615
5620
9198
6401
4646
2809
5164
1602
2418
8157
6189
9915
1235
80
242
7589
6528
8880
6007
9260
599
2778
2093
603
2592
9794
2501
8540
1712
7232
8173
3234
1833
2172
539
6633
544
9485
286
8577
8231
105
104
1246
4306
8092
393
7731
6187
5672
8966
1576
1668
3993
942
1328
4013
4012
2101
1432
5038
2625
5779
951
2247
255
4529
1561
232
6340
3610
1485
8075
4154
8801
6449
4559
6082
6064
7991
2930
9263
8920
1214
431
